[Data]
Maximum = 120
Stock = 45
Consumption = 12
Price = 70
TradingType = 0
Item = 10
Name = 9
PosZ = 25.726600
PosY = -1428.140014
PosX = -372.888000
