[Data]
Maximum = 100
Stock = 100
Consumption = 15
Price = 30
TradingType = 0
Item = 5
Name = 7
PosZ = -129.460006
PosY = -1099.560058
PosX = -1049.540039
