[Data]
Maximum = 160
Stock = 160
Consumption = 15
Price = 30
TradingType = 0
Item = 6
Name = 7
PosZ = 129.218994
PosY = -1095.180053
PosX = -1035.349975
