[Data]
Maximum = 40
Stock = 0
Consumption = 4
Price = 915
TradingType = 1
Item = 22
Name = 27
PosZ = 10.537400
PosY = 904.986022
PosX = 2706.080078
