[Data]
Maximum = 26
Stock = 0
Consumption = 2
Price = 2000
TradingType = 1
Item = 16
Name = 30
PosZ = 60.213798
PosY = 1845.650024
PosX = -837.776977
