[Data]
Maximum = 120
Stock = 120
Consumption = 20
Price = 30
TradingType = 0
Item = 9
Name = 9
PosZ = 25.726600
PosY = -1409.510009
PosX = -366.042999
