[Data]
Maximum = 500
Stock = 0
Consumption = 0
Price = 360
TradingType = 1
Item = 24
Name = 0
PosZ = 10.581100
PosY = -2404.090087
PosX = 2825.340087
