[Data]
Maximum = 500
Stock = 500
Consumption = 40
Price = 100
TradingType = 0
Item = 18
Name = 15
PosZ = 20.406299
PosY = 893.362976
PosX = 335.614990
