[Data]
Maximum = 160
Stock = 160
Consumption = 15
Price = 30
TradingType = 0
Item = 6
Name = 8
PosZ = 101.711997
PosY = -1518.479980
PosX = -1418.310058
