[Data]
Maximum = 150
Stock = 0
Consumption = 8
Price = 130
TradingType = 1
Item = 6
Name = 21
PosZ = 10.820300
PosY = 2170.870117
PosX = 977.893005
