[Data]
Maximum = 300
Stock = 0
Consumption = 16
Price = 180
TradingType = 1
Item = 20
Name = 25
PosZ = 10.814399
PosY = 918.085998
PosX = 1696.880004
