[Data]
Maximum = 50
Stock = 0
Consumption = 6
Price = 1300
TradingType = 1
Item = 22
Name = 28
PosZ = 34.948200
PosY = 195.871994
PosX = -2111.060058
