[Data]
Maximum = 200
Stock = 39
Consumption = 15
Price = 150
TradingType = 0
Item = 20
Name = 17
PosZ = 13.980899
PosY = -1589.670043
PosX = 2657.590087
