[Data]
Maximum = 18
Stock = 0
Consumption = 2
Price = 1450
TradingType = 1
Item = 16
Name = 29
PosZ = 6.710899
PosY = 2040.689941
PosX = 793.008972
