[Data]
Maximum = 400
Stock = 400
Consumption = 25
Price = 210
TradingType = 0
Item = 7
Name = 20
PosZ = 3.905299
PosY = -289.200988
PosX = -156.320999
