[Data]
Maximum = 20
Stock = 20
Consumption = 3
Price = 300
TradingType = 0
Item = 4
Name = 5
PosZ = 78.261398
PosY = -191.222000
PosX = -523.341003
