[Data]
Maximum = 640
Stock = 640
Consumption = 40
Price = 300
TradingType = 0
Item = 13
Name = 1
PosZ = 10.585900
PosY = 1395.989990
PosX = 252.162994
