[Data]
Maximum = 120
Stock = 120
Consumption = 17
Price = 30
TradingType = 0
Item = 5
Name = 8
PosZ = 101.680000
PosY = -1507.949951
PosX = -1422.810058
