[Data]
Maximum = 60
Stock = 60
Consumption = 8
Price = 70
TradingType = 0
Item = 8
Name = 7
PosZ = 129.218994
PosY = -1099.369995
PosX = -1059.369995
