[Data]
Maximum = 100
Stock = 0
Consumption = 10
Price = 200
TradingType = 1
Item = 0
Name = 19
PosZ = 35.320301
PosY = -262.450988
PosX = -2124.810058
