[Data]
Maximum = 80
Stock = 0
Consumption = 10
Price = 170
TradingType = 1
Item = 15
Name = 23
PosZ = 19.742200
PosY = 1133.020019
PosX = -116.872001
