[Data]
Maximum = 40
Stock = 40
Consumption = 5
Price = 300
TradingType = 0
Item = 4
Name = 6
PosZ = 65.374900
PosY = -120.760002
PosX = -770.794006
