[Data]
Maximum = 100
Stock = 100
Consumption = 5
Price = 1000
TradingType = 0
Item = 2
Name = 3
PosZ = 30.181600
PosY = 522.804016
PosX = -2446.189941
