[Data]
Maximum = 200
Stock = 200
Consumption = 30
Price = 70
TradingType = 0
Item = 10
Name = 10
PosZ = 58.896800
PosY = -1040.800048
PosX = -383.622985
