[Data]
Maximum = 100
Stock = 100
Consumption = 16
Price = 250
TradingType = 0
Item = 19
Name = 16
PosZ = 10.820300
PosY = 2823.320068
PosX = 2537.209960
