[Data]
Maximum = 60
Stock = 60
Consumption = 10
Price = 160
TradingType = 0
Item = 1
Name = 2
PosZ = 32.351600
PosY = -690.247985
PosX = -1048.030029
