[Data]
Maximum = 160
Stock = 160
Consumption = 12
Price = 30
TradingType = 0
Item = 6
Name = 14
PosZ = 73.988899
PosY = -308.364013
PosX = 1028.829956
