[Data]
Maximum = 120
Stock = 120
Consumption = 20
Price = 30
TradingType = 0
Item = 9
Name = 12
PosZ = 37.281299
PosY = 167.680999
PosX = 1939.109985
