[Data]
Maximum = 200
Stock = 200
Consumption = 25
Price = 210
TradingType = 0
Item = 11
Name = 25
PosZ = 10.715999
PosY = 916.276000
PosX = 1672.750000
