[Data]
Maximum = 200
Stock = 0
Consumption = 10
Price = 170
TradingType = 1
Item = 10
Name = 21
PosZ = 10.820300
PosY = 2153.600097
PosX = 968.091003
