[Data]
Maximum = 500
Stock = 0
Consumption = 0
Price = 360
TradingType = 1
Item = 14
Name = 0
PosZ = 10.575799
PosY = -2382.280029
PosX = 2825.350097
