[Data]
Maximum = 300
Stock = 300
Consumption = 50
Price = 80
TradingType = 0
Item = 3
Name = 4
PosZ = 21.750000
PosY = -1684.260009
PosX = -1873.189941
