[Data]
Maximum = 160
Stock = 0
Consumption = 30
Price = 200
TradingType = 1
Item = 0
Name = 26
PosZ = 15.117199
PosY = 127.222000
PosX = -1851.880004
