[Data]
Maximum = 100
Stock = 0
Consumption = 10
Price = 200
TradingType = 1
Item = 20
Name = 26
PosZ = 15.117199
PosY = 83.817802
PosX = -1828.319946
