[Data]
Maximum = 300
Stock = 0
Consumption = 10
Price = 200
TradingType = 1
Item = 3
Name = 17
PosZ = 13.877799
PosY = -1590.819946
PosX = 2663.550048
