[Data]
Maximum = 200
Stock = 200
Consumption = 20
Price = 210
TradingType = 0
Item = 12
Name = 19
PosZ = 35.320301
PosY = -222.177993
PosX = -2141.419921
