[Data]
Maximum = 500
Stock = 0
Consumption = 0
Price = 300
TradingType = 1
Item = 13
Name = 0
PosZ = 13.632800
PosY = -2348.120117
PosX = 2799.169921
