[Data]
Maximum = 100
Stock = 100
Consumption = 10
Price = 80
TradingType = 0
Item = 10
Name = 14
PosZ = 73.992202
PosY = -289.519989
PosX = 1010.320007
