[Data]
Maximum = 120
Stock = 120
Consumption = 10
Price = 210
TradingType = 0
Item = 7
Name = 23
PosZ = 20.196599
PosY = 1116.780029
PosX = -135.671997
