[Data]
Maximum = 200
Stock = 0
Consumption = 20
Price = 130
TradingType = 1
Item = 5
Name = 19
PosZ = 35.320301
PosY = -209.121994
PosX = -2172.379882
