[Data]
Maximum = 50
Stock = 50
Consumption = 6
Price = 540
TradingType = 0
Item = 22
Name = 22
PosZ = 13.546899
PosY = -2117.800048
PosX = 2508.370117
