[Data]
Maximum = 120
Stock = 0
Consumption = 5
Price = 340
TradingType = 1
Item = 25
Name = 20
PosZ = 2.764600
PosY = -315.680999
PosX = -116.411003
