[Data]
Maximum = 500
Stock = 0
Consumption = 0
Price = 360
TradingType = 1
Item = 12
Name = 0
PosZ = 10.584300
PosY = -2417.270019
PosX = 2825.600097
