[Data]
Maximum = 50
Stock = 0
Consumption = 0
Price = 1000
TradingType = 1
Item = 16
Name = 0
PosZ = 13.639200
PosY = -2364.300048
PosX = 2788.939941
