[Data]
Maximum = 70
Stock = 70
Consumption = 10
Price = 70
TradingType = 0
Item = 8
Name = 11
PosZ = 3.109400
PosY = -10.983799
PosX = -88.703002
