[Data]
Maximum = 40
Stock = 40
Consumption = 5
Price = 800
TradingType = 0
Item = 17
Name = 26
PosZ = 15.117199
PosY = 130.042007
PosX = -1828.969970
