[Data]
Maximum = 500
Stock = 0
Consumption = 0
Price = 360
TradingType = 1
Item = 7
Name = 0
PosZ = 10.587499
PosY = -2430.429931
PosX = 2825.649902
