[Data]
Maximum = 60
Stock = 0
Consumption = 8
Price = 300
TradingType = 1
Item = 1
Name = 16
PosZ = 10.820300
PosY = 2801.639892
PosX = 2572.649902
