[Data]
Maximum = 200
Stock = 0
Consumption = 10
Price = 170
TradingType = 1
Item = 8
Name = 21
PosZ = 10.820300
PosY = 2160.469970
PosX = 967.801025
