[Data]
Maximum = 300
Stock = 300
Consumption = 30
Price = 220
TradingType = 0
Item = 21
Name = 18
PosZ = 30.625000
PosY = -2414.340087
PosX = -1997.359985
