[Data]
Maximum = 65535
Stock = 65535
Consumption = 350
Price = 250
TradingType = 0
Item = 23
Name = 26
PosZ = 15.117199
PosY = 112.095001
PosX = -1839.670043
