[Data]
Maximum = 120
Stock = 120
Consumption = 20
Price = 230
TradingType = 0
Item = 25
Name = 24
PosZ = 63.055900
PosY = 2662.989990
PosX = -318.298004
