[Data]
Maximum = 50
Stock = 0
Consumption = 5
Price = 1250
TradingType = 1
Item = 4
Name = 18
PosZ = 30.625000
PosY = -2394.169921
PosX = -2030.520019
