[Data]
Maximum = 120
Stock = 0
Consumption = 20
Price = 150
TradingType = 1
Item = 9
Name = 24
PosZ = 62.615299
PosY = 2662.159912
PosX = -280.283996
