[Data]
Maximum = 100
Stock = 100
Consumption = 12
Price = 70
TradingType = 0
Item = 15
Name = 13
PosZ = 76.367202
PosY = -1621.069946
PosX = -1097.319946
