[Data]
Maximum = 500
Stock = 0
Consumption = 0
Price = 360
TradingType = 1
Item = 11
Name = 0
PosZ = 10.589599
PosY = -2439.010009
PosX = 2825.419921
