[Data]
Maximum = 400
Stock = 400
Consumption = 15
Price = 190
TradingType = 0
Item = 24
Name = 21
PosZ = 10.820300
PosY = 2097.550048
PosX = 968.262023
