[Data]
Maximum = 260
Stock = 260
Consumption = 10
Price = 160
TradingType = 0
Item = 0
Name = 2
PosZ = 32.007801
PosY = -690.500000
PosX = -1042.790039
