[Data]
Maximum = 100
Stock = 0
Consumption = 8
Price = 250
TradingType = 1
Item = 20
Name = 16
PosZ = 10.820300
PosY = 2801.719970
PosX = 2579.600097
