[Data]
Maximum = 200
Stock = 0
Consumption = 10
Price = 130
TradingType = 1
Item = 9
Name = 21
PosZ = 10.820300
PosY = 2072.649902
PosX = 978.812988
