[Data]
Maximum = 200
Stock = 200
Consumption = 20
Price = 30
TradingType = 0
Item = 6
Name = 11
PosZ = 3.117199
PosY = -34.901100
PosX = -67.790397
