[Data]
Maximum = 300
Stock = 300
Consumption = 30
Price = 220
TradingType = 0
Item = 14
Name = 18
PosZ = 30.625000
PosY = -2409.510009
PosX = -2002.800048
