[Data]
Maximum = 60
Stock = 60
Consumption = 8
Price = 80
TradingType = 0
Item = 8
Name = 14
PosZ = 73.992202
PosY = -316.920989
PosX = 1019.460021
