[Data]
Maximum = 250
Stock = 0
Consumption = 40
Price = 200
TradingType = 1
Item = 18
Name = 22
PosZ = 13.546899
PosY = -2086.250000
PosX = 2525.739990
