[Data]
Maximum = 50
Stock = 50
Consumption = 8
Price = 70
TradingType = 0
Item = 8
Name = 9
PosZ = 25.726600
PosY = -1438.729980
PosX = -381.631988
