[Data]
Maximum = 300
Stock = 300
Consumption = 3
Price = 700
TradingType = 0
Item = 16
Name = 25
PosZ = 10.820300
PosY = 939.945983
PosX = 1704.660034
