[Data]
Maximum = 240
Stock = 240
Consumption = 15
Price = 30
TradingType = 0
Item = 9
Name = 11
PosZ = 3.117199
PosY = 103.322998
PosX = -61.987400
