[Data]
Maximum = 100
Stock = 0
Consumption = 0
Price = 1000
TradingType = 1
Item = 17
Name = 0
PosZ = 13.639200
PosY = -2364.399902
PosX = 2805.840087
